C = [
-4.597223 -5.142361 -4.794407
-3.804208 -4.339122 -4.123737
-3.600755 -4.044990 -3.809150
-3.388466 -3.746122 -3.458528
-3.123102 -3.558803 -3.304624
-2.896300 -3.380461 -3.159453
-2.802182 -3.292741 -3.104018
-2.709590 -3.216889 -3.018205
-2.619804 -3.113480 -2.925999
-2.553983 -3.000769 -2.821241
-2.493571 -2.884462 -2.727832
-2.446066 -2.790083 -2.629547
-2.397342 -2.702973 -2.532962
-2.355245 -2.620205 -2.431848
-2.305929 -2.544441 -2.345297
-2.264115 -2.469552 -2.266824
-2.216212 -2.414150 -2.207655
-2.177200 -2.376308 -2.170462
-2.124617 -2.339532 -2.140653
-2.062378 -2.299993 -2.100959
-1.993435 -2.255997 -2.071349
-1.936857 -2.208945 -2.035364
-1.891814 -2.174465 -2.002166
-1.858762 -2.138794 -1.967412
-1.821656 -2.105739 -1.935786
-1.781094 -2.066947 -1.899994
-1.741530 -2.024247 -1.857060
-1.703484 -1.983424 -1.820106
-1.673195 -1.949799 -1.781027
-1.641201 -1.911638 -1.742998
-1.605146 -1.867214 -1.710766
-1.569588 -1.833719 -1.684723
-1.538481 -1.799894 -1.649017
-1.513437 -1.767927 -1.623245
-1.487837 -1.731788 -1.598621
-1.466921 -1.706929 -1.568852
-1.440775 -1.671030 -1.542157
-1.425368 -1.638732 -1.509131
-1.407404 -1.615909 -1.480686
-1.382146 -1.593829 -1.452206
-1.367017 -1.571837 -1.429721
-1.350955 -1.552305 -1.399389
-1.335165 -1.524634 -1.374174
-1.324275 -1.494971 -1.351047
-1.297684 -1.466053 -1.318991
-1.280281 -1.447727 -1.299411
-1.263429 -1.421551 -1.273644
-1.241357 -1.400782 -1.252585
-1.226358 -1.379752 -1.229514
-1.209937 -1.343200 -1.213615
-1.192060 -1.319953 -1.187891
-1.178332 -1.308899 -1.188715
-1.163566 -1.282576 -1.165004
-1.147415 -1.268074 -1.145667
-1.125008 -1.249536 -1.130459
-1.111420 -1.220811 -1.115946
-1.095585 -1.195522 -1.091430
-1.080300 -1.175928 -1.076092
-1.056921 -1.155196 -1.062185
-1.040461 -1.128440 -1.056585
-1.014540 -1.115740 -1.042184
-0.993011 -1.102279 -1.024411
-0.961047 -1.095252 -1.021525
-0.948260 -1.094154 -1.004943
-0.941527 -1.094513 -0.991051
-0.922201 -1.076411 -0.979472
-0.909354 -1.062558 -0.970167
-0.899307 -1.046926 -0.956477
-0.892718 -1.032129 -0.938427
-0.895848 -1.012161 -0.925341
-0.881179 -0.989431 -0.897293
-0.879352 -0.971678 -0.887340
-0.857929 -0.951113 -0.872334
-0.848649 -0.930782 -0.849938
-0.855197 -0.912907 -0.835515
-0.844513 -0.894712 -0.819581
-0.829635 -0.873977 -0.801279
-0.809778 -0.857420 -0.783070
-0.793775 -0.836431 -0.767327
-0.774003 -0.816623 -0.759939
-0.750966 -0.798439 -0.739390
-0.729168 -0.775945 -0.721463
-0.712704 -0.756739 -0.713738
-0.684643 -0.736824 -0.692366
-0.669486 -0.719341 -0.681101
-0.653389 -0.700239 -0.665280
-0.635153 -0.680863 -0.647711
-0.609318 -0.663807 -0.633653
-0.593277 -0.644200 -0.622317
-0.577742 -0.627268 -0.605342
-0.557302 -0.605113 -0.588933
-0.537908 -0.589888 -0.574191
-0.523165 -0.571336 -0.555245
-0.501988 -0.558880 -0.529901
-0.484087 -0.548383 -0.515909
-0.473131 -0.525306 -0.504673
-0.461598 -0.509427 -0.488506
-0.449973 -0.490190 -0.473425
-0.438572 -0.469671 -0.450210
-0.424295 -0.447384 -0.431170
-0.410574 -0.430490 -0.418701
-0.396846 -0.413730 -0.402548
-0.384088 -0.394404 -0.383559
-0.364049 -0.374979 -0.357879
-0.353142 -0.359289 -0.337013
-0.341295 -0.344348 -0.323672
-0.324306 -0.326297 -0.309477
-0.312183 -0.307740 -0.291815
-0.289525 -0.289027 -0.275422
-0.276591 -0.276126 -0.253744
-0.255628 -0.258513 -0.240935
-0.241320 -0.246425 -0.220772
-0.232319 -0.229561 -0.208798
-0.209829 -0.211690 -0.186431
-0.198043 -0.195972 -0.171336
-0.180022 -0.180071 -0.158652
-0.166353 -0.168349 -0.141106
-0.150980 -0.155221 -0.130577
-0.141378 -0.141434 -0.116464
-0.123010 -0.125691 -0.104845
-0.109432 -0.113810 -0.087205
-0.098602 -0.095275 -0.076123
-0.077511 -0.082471 -0.067260
-0.067964 -0.069739 -0.054103
-0.051871 -0.054721 -0.045740
-0.043712 -0.042797 -0.035816
-0.027202 -0.028426 -0.023591
-0.018735 -0.018595 -0.010678
0.000000 0.000000 0.000000
0.009897 0.013711 0.012820
0.025727 0.027495 0.027133
0.032076 0.037822 0.034347
0.047462 0.051499 0.046772
0.059678 0.063366 0.061399
0.072589 0.077206 0.076952
0.085636 0.087365 0.087883
0.098938 0.100517 0.102123
0.109733 0.111255 0.114618
0.119317 0.119958 0.128842
0.130218 0.135589 0.138542
0.140619 0.150240 0.152241
0.154617 0.165403 0.168376
0.164372 0.178976 0.183077
0.173835 0.194159 0.202875
0.189717 0.209788 0.217480
0.199907 0.228014 0.231907
0.211105 0.242959 0.247778
0.225960 0.256997 0.262714
0.238855 0.270976 0.282493
0.246895 0.287243 0.295566
0.263846 0.300754 0.313073
0.278591 0.314846 0.326652
0.292826 0.327798 0.342068
0.312633 0.346689 0.351616
0.327707 0.360139 0.368852
0.343062 0.377783 0.383457
0.362930 0.389152 0.399966
0.380313 0.404917 0.410718
0.397466 0.420362 0.420768
0.412474 0.433049 0.442758
0.429025 0.449953 0.455581
0.446905 0.465872 0.470212
0.465239 0.481865 0.484821
0.477044 0.497589 0.500123
0.493226 0.508945 0.513743
0.505704 0.525508 0.528960
0.517752 0.541754 0.542108
0.529867 0.555933 0.558422
0.544691 0.574651 0.577259
0.559396 0.590128 0.590447
0.572609 0.608515 0.607957
0.587148 0.626930 0.619602
0.600738 0.644964 0.637518
0.620434 0.666083 0.659193
0.636230 0.685963 0.670826
0.653060 0.709390 0.681657
0.671724 0.732886 0.704319
0.694831 0.743116 0.718741
0.714881 0.750364 0.732419
0.734296 0.758714 0.745951
0.748801 0.765297 0.761317
0.763054 0.770530 0.778430
0.778282 0.784110 0.792930
0.784460 0.793822 0.806058
0.797160 0.807922 0.814280
0.814283 0.821979 0.837491
0.823463 0.836496 0.849177
0.840228 0.853393 0.865195
0.851908 0.869560 0.883825
0.863917 0.883161 0.898144
0.879216 0.897637 0.909719
0.897181 0.911545 0.925734
0.909004 0.927593 0.939765
0.923807 0.942574 0.960666
0.935057 0.960790 0.973459
0.951763 0.978810 0.992044
0.961076 0.997037 1.002156
0.978326 1.014192 1.018578
0.995413 1.034199 1.034949
1.016354 1.048694 1.050369
1.028286 1.069504 1.064316
1.050472 1.091631 1.079468
1.068220 1.111615 1.095068
1.091505 1.127626 1.105330
1.109044 1.140124 1.115484
1.122866 1.161489 1.130318
1.140242 1.173004 1.146188
1.152090 1.187606 1.163547
1.155889 1.198401 1.172028
1.176423 1.208137 1.188962
1.189493 1.219795 1.200510
1.203027 1.232323 1.214286
1.217785 1.242116 1.224002
1.239214 1.255610 1.237550
1.253306 1.276460 1.251009
1.269805 1.291708 1.270147
1.279078 1.308307 1.282100
1.303443 1.324769 1.289349
1.315930 1.339093 1.298337
1.333323 1.355135 1.301215
1.348777 1.374117 1.323502
1.364219 1.391693 1.341698
1.378715 1.409736 1.348721
1.405090 1.422486 1.357199
1.422064 1.439247 1.367960
1.427124 1.453420 1.376256
1.438301 1.468626 1.402526
1.450446 1.483785 1.417041
1.460786 1.499337 1.425888
1.482915 1.509006 1.444407
1.495601 1.525955 1.455725
1.512695 1.542008 1.467092
1.531267 1.556651 1.495705
1.544317 1.570116 1.509897
1.560983 1.581216 1.518033
1.578236 1.603188 1.541352
1.589160 1.617327 1.560881
1.606350 1.624699 1.576684
1.626558 1.642485 1.599783
1.647453 1.659410 1.610114
1.668462 1.678823 1.636929
1.683187 1.698397 1.662470
1.710265 1.726108 1.677410
1.719732 1.734369 1.715427
1.745743 1.761227 1.744952
1.764300 1.786367 1.738035
1.785256 1.801980 1.796041
1.816697 1.824874 1.784888
1.849239 1.862173 1.863579
1.889889 1.908224 1.856132
1.946396 1.966342 1.950368
2.044948 2.032569 2.063836
2.163335 2.134465 2.069296
2.223697 2.285260 2.286110
2.223697 2.285260 2.286110
2.223697 2.285260 2.286110
];